0.0000000000e+00 2.9600758560e+01 1.0654635698e+02 5.7000000000e+01
1.0000000000e+00 2.9614202340e+01 1.0654986799e+02 5.4000000000e+01
2.0000000000e+00 2.9599361607e+01 1.0655747473e+02 1.7000000000e+01
3.0000000000e+00 2.9600499279e+01 1.0656330049e+02 2.7000000000e+01
4.0000000000e+00 2.9602052856e+01 1.0654171407e+02 2.7000000000e+01
5.0000000000e+00 2.9606679702e+01 1.0655176163e+02 3.8000000000e+01
6.0000000000e+00 2.9595168199e+01 1.0654765248e+02 3.0000000000e+01
7.0000000000e+00 2.9603680713e+01 1.0654609144e+02 3.7000000000e+01
8.0000000000e+00 2.9593031712e+01 1.0655707240e+02 4.2000000000e+01
9.0000000000e+00 2.9599520195e+01 1.0655008525e+02 1.2000000000e+01
1.0000000000e+01 2.9603433513e+01 1.0655087650e+02 7.0000000000e+00
1.1000000000e+01 2.9602948351e+01 1.0655518413e+02 6.2000000000e+01
1.2000000000e+01 2.9603340229e+01 1.0655412734e+02 1.5000000000e+01
1.3000000000e+01 2.9590130222e+01 1.0655399323e+02 3.1000000000e+01
1.4000000000e+01 2.9604832651e+01 1.0653584003e+02 4.6000000000e+01
1.5000000000e+01 2.9610914391e+01 1.0654460549e+02 4.6000000000e+01
1.6000000000e+01 2.9578532968e+01 1.0651840568e+02 5.3000000000e+01
1.7000000000e+01 2.9595270721e+01 1.0650172234e+02 2.8000000000e+01
1.8000000000e+01 2.9590046383e+01 1.0651137829e+02 2.9000000000e+01
1.9000000000e+01 2.9585456142e+01 1.0650376618e+02 8.8000000000e+01
2.0000000000e+01 2.9579909282e+01 1.0651389806e+02 8.4000000000e+01
2.1000000000e+01 2.9604342975e+01 1.0649598777e+02 6.0000000000e+01
2.2000000000e+01 2.9579601368e+01 1.0649898648e+02 8.8000000000e+01
2.3000000000e+01 2.9591273155e+01 1.0650525749e+02 8.4000000000e+01
2.4000000000e+01 2.9596502248e+01 1.0653724551e+02 7.8000000000e+01
2.5000000000e+01 2.9594508223e+01 1.0653627992e+02 1.3000000000e+01
2.6000000000e+01 2.9592187323e+01 1.0654421389e+02 8.8000000000e+01
2.7000000000e+01 2.9589745490e+01 1.0654172480e+02 8.4000000000e+01
2.8000000000e+01 2.9589479669e+01 1.0653899431e+02 1.1000000000e+01
2.9000000000e+01 2.9598424053e+01 1.0653477252e+02 1.1000000000e+01
3.0000000000e+01 2.9594508223e+01 1.0653627992e+02 2.0000000000e+01
3.1000000000e+01 2.9589479669e+01 1.0653899431e+02 1.1000000000e+01
3.2000000000e+01 2.9592051971e+01 1.0653137684e+02 5.9000000000e+01
3.3000000000e+01 2.9580812034e+01 1.0650607824e+02 4.5000000000e+01
3.4000000000e+01 2.9591336165e+01 1.0652657568e+02 7.8000000000e+01
3.5000000000e+01 2.9586221206e+01 1.0652861953e+02 6.0000000000e+01
3.6000000000e+01 2.9587420040e+01 1.0651312172e+02 6.3000000000e+01
3.7000000000e+01 2.9598498672e+01 1.0651150435e+02 5.4000000000e+01
3.8000000000e+01 2.9604865367e+01 1.0650082648e+02 4.5000000000e+01
3.9000000000e+01 2.9597122615e+01 1.0649900258e+02 7.1000000000e+01
4.0000000000e+01 2.9595653235e+01 1.0650584221e+02 8.5000000000e+01
4.1000000000e+01 2.9594393783e+01 1.0652844250e+02 5.3000000000e+01
4.2000000000e+01 2.9597710363e+01 1.0651617140e+02 3.5000000000e+01
4.3000000000e+01 2.9601996934e+01 1.0650199056e+02 5.3000000000e+01
4.4000000000e+01 2.9603743606e+01 1.0651383519e+02 7.1000000000e+01
4.5000000000e+01 2.9593265047e+01 1.0651490808e+02 7.0000000000e+01
4.6000000000e+01 2.9588133786e+01 1.0652160823e+02 4.5000000000e+01
4.7000000000e+01 2.9591417826e+01 1.0653550208e+02 6.7000000000e+01
4.8000000000e+01 2.9598582650e+01 1.0652190730e+02 7.1000000000e+01
4.9000000000e+01 2.9594020598e+01 1.0652100474e+02 5.2000000000e+01
5.0000000000e+01 2.9586155903e+01 1.0651687682e+02 7.8000000000e+01
5.1000000000e+01 2.9587298758e+01 1.0651796043e+02 1.3000000000e+01
5.2000000000e+01 2.9598897501e+01 1.0652472764e+02 2.0000000000e+01
5.3000000000e+01 2.9597358241e+01 1.0652290374e+02 7.8000000000e+01
5.4000000000e+01 2.9608633935e+01 1.0650076747e+02 1.0000000000e+01
5.5000000000e+01 2.9612574875e+01 1.0649754345e+02 1.2000000000e+01
5.6000000000e+01 2.9585596061e+01 1.0649596095e+02 4.7000000000e+01
5.7000000000e+01 2.9593302356e+01 1.0649077356e+02 3.7000000000e+01
5.8000000000e+01 2.9596049823e+01 1.0648795724e+02 2.5000000000e+01
5.9000000000e+01 2.9600124230e+01 1.0648497194e+02 1.0000000000e+01
6.0000000000e+01 2.9612630803e+01 1.0649070382e+02 1.1000000000e+01
6.1000000000e+01 2.9612891989e+01 1.0648386955e+02 3.4000000000e+01
6.2000000000e+01 2.9617658212e+01 1.0648964167e+02 1.5000000000e+01
6.3000000000e+01 2.9606194582e+01 1.0648349404e+02 3.4000000000e+01
6.4000000000e+01 2.9609939812e+01 1.0650509655e+02 2.4000000000e+01
6.5000000000e+01 2.9618208519e+01 1.0650123954e+02 1.5000000000e+01
6.6000000000e+01 2.9616016671e+01 1.0649057508e+02 1.5000000000e+01
6.7000000000e+01 2.9617686222e+01 1.0650208712e+02 1.2000000000e+01
6.8000000000e+01 2.9595382681e+01 1.0649597168e+02 4.5000000000e+01
6.9000000000e+01 2.9624597247e+01 1.0648951292e+02 2.0000000000e+01
7.0000000000e+01 2.9616305804e+01 1.0648862243e+02 1.2000000000e+01
7.1000000000e+01 2.9615848773e+01 1.0648434699e+02 1.0000000000e+01
7.2000000000e+01 2.9603797236e+01 1.0652288496e+02 7.0000000000e+01
7.3000000000e+01 2.9633064887e+01 1.0653209567e+02 8.9000000000e+01
7.4000000000e+01 2.9604282270e+01 1.0652846932e+02 2.2000000000e+01
7.5000000000e+01 2.9614586469e+01 1.0651935518e+02 9.5000000000e+01
7.6000000000e+01 2.9625627857e+01 1.0652188718e+02 2.0000000000e+01
7.7000000000e+01 2.9623757194e+01 1.0647017956e+02 8.7000000000e+01
7.8000000000e+01 2.9629917409e+01 1.0654132783e+02 7.1000000000e+01
7.9000000000e+01 2.9622326223e+01 1.0653215468e+02 9.8000000000e+01
8.0000000000e+01 2.9628933776e+01 1.0653702021e+02 4.3000000000e+01
8.1000000000e+01 2.9631405294e+01 1.0648643374e+02 7.5000000000e+01
8.2000000000e+01 2.9628462267e+01 1.0647412777e+02 9.1000000000e+01
8.3000000000e+01 2.9641243081e+01 1.0647764146e+02 8.7000000000e+01
8.4000000000e+01 2.9648884934e+01 1.0651397467e+02 8.0000000000e+01
8.5000000000e+01 2.9642031407e+01 1.0653809309e+02 6.6000000000e+01
8.6000000000e+01 2.9638352807e+01 1.0654925644e+02 2.2000000000e+01
8.7000000000e+01 2.9628868397e+01 1.0650852978e+02 1.2000000000e+01
8.8000000000e+01 2.9633424267e+01 1.0648099422e+02 2.9000000000e+01
8.9000000000e+01 2.9645565518e+01 1.0651648790e+02 2.5000000000e+01
9.0000000000e+01 2.9620255740e+01 1.0652255237e+02 3.0000000000e+01
9.1000000000e+01 2.9619066497e+01 1.0653896213e+02 3.7000000000e+01
9.2000000000e+01 2.9640273158e+01 1.0650629818e+02 9.4000000000e+01
9.3000000000e+01 2.9641229257e+01 1.0652586758e+02 9.1000000000e+01
9.4000000000e+01 2.9614074231e+01 1.0650520921e+02 2.6000000000e+01
9.5000000000e+01 2.9617662910e+01 1.0651029736e+02 1.2000000000e+01
9.6000000000e+01 2.9611129054e+01 1.0652516484e+02 6.2000000000e+01
9.7000000000e+01 2.9602838784e+01 1.0653085649e+02 6.9000000000e+01
9.8000000000e+01 2.9620120507e+01 1.0651394248e+02 1.7000000000e+01
9.9000000000e+01 2.9619516637e+01 1.0651142120e+02 2.0000000000e+01
1.0000000000e+02 2.9626805290e+01 1.0653244436e+02 1.7000000000e+01
1.0100000000e+02 2.9634318417e+01 1.0653497636e+02 1.0000000000e+01
1.0200000000e+02 2.9614263135e+01 1.0649831057e+02 1.5000000000e+01
1.0300000000e+02 2.9615652915e+01 1.0650080502e+02 6.4000000000e+01
1.0400000000e+02 2.9616212546e+01 1.0650983602e+02 1.0000000000e+01
1.0500000000e+02 2.9613740804e+01 1.0650978506e+02 1.5000000000e+01
1.0600000000e+02 2.9615373087e+01 1.0651276767e+02 1.7000000000e+01
1.0700000000e+02 2.9618210867e+01 1.0650985479e+02 2.0000000000e+01
1.0800000000e+02 2.9612672800e+01 1.0650072455e+02 1.0000000000e+01
1.0900000000e+02 2.9610424841e+01 1.0651485175e+02 1.5000000000e+01
1.1000000000e+02 2.9610054073e+01 1.0651194155e+02 4.5000000000e+01
1.1100000000e+02 2.9634930381e+01 1.0656585932e+02 5.3000000000e+01
1.1200000000e+02 2.9637905195e+01 1.0656655669e+02 2.8000000000e+01
1.1300000000e+02 2.9637737303e+01 1.0657021523e+02 6.8000000000e+01
1.1400000000e+02 2.9630075988e+01 1.0655609608e+02 7.4000000000e+01
1.1500000000e+02 2.9643756190e+01 1.0655739427e+02 9.0000000000e+01
1.1600000000e+02 2.9641868295e+01 1.0656700730e+02 6.4000000000e+01
1.1700000000e+02 2.9645612051e+01 1.0656836987e+02 5.1000000000e+01
1.1800000000e+02 2.9659230820e+01 1.0657300472e+02 6.4000000000e+01
1.1900000000e+02 2.9642730650e+01 1.0657877684e+02 9.8000000000e+01
1.2000000000e+02 2.9647556011e+01 1.0654404223e+02 9.3000000000e+01
1.2100000000e+02 2.9656798247e+01 1.0655670762e+02 9.9000000000e+01
1.2200000000e+02 2.9655625806e+01 1.0652503610e+02 6.8000000000e+01
1.2300000000e+02 2.9671835777e+01 1.0657078922e+02 5.6000000000e+01
1.2400000000e+02 2.9674776152e+01 1.0648103714e+02 9.6000000000e+01
1.2500000000e+02 2.9664002611e+01 1.0654654741e+02 8.8000000000e+01
1.2600000000e+02 2.9660273371e+01 1.0652737498e+02 5.9000000000e+01
1.2700000000e+02 2.9678411582e+01 1.0655193865e+02 5.3000000000e+01
1.2800000000e+02 2.9653094173e+01 1.0659777761e+02 5.5000000000e+01
1.2900000000e+02 2.9644384642e+01 1.0660879612e+02 4.9000000000e+01
1.3000000000e+02 2.9637960923e+01 1.0658617973e+02 5.0000000000e+01
1.3100000000e+02 2.9670500047e+01 1.0660577059e+02 6.0000000000e+01
1.3200000000e+02 2.9623523839e+01 1.0657762885e+02 2.6000000000e+01
1.3300000000e+02 2.9622843070e+01 1.0656826258e+02 6.5000000000e+01
1.3400000000e+02 2.9659788603e+01 1.0662091970e+02 6.7000000000e+01
1.3500000000e+02 2.9669493737e+01 1.0659679055e+02 7.0000000000e+01
1.3600000000e+02 2.9664282457e+01 1.0658990264e+02 2.5000000000e+01
1.3700000000e+02 2.9658399624e+01 1.0659536362e+02 4.2000000000e+01
1.3800000000e+02 2.9654591027e+01 1.0658856153e+02 6.0000000000e+01
1.3900000000e+02 2.9656031222e+01 1.0658310056e+02 6.7000000000e+01
1.4000000000e+02 2.9569085130e+01 1.0648014128e+02 4.5000000000e+01
1.4100000000e+02 2.9580366394e+01 1.0648886277e+02 9.3000000000e+01
1.4200000000e+02 2.9590762110e+01 1.0647801697e+02 9.9000000000e+01
1.4300000000e+02 2.9564633995e+01 1.0648717135e+02 9.8000000000e+01
1.4400000000e+02 2.9598268330e+01 1.0648690162e+02 4.6000000000e+01
1.4500000000e+02 2.9601489204e+01 1.0647154212e+02 5.6000000000e+01
1.4600000000e+02 2.9561736545e+01 1.0649507657e+02 4.6000000000e+01
1.4700000000e+02 2.9583842004e+01 1.0648279130e+02 5.9000000000e+01
1.4800000000e+02 2.9569360535e+01 1.0649826477e+02 8.0000000000e+01
1.4900000000e+02 2.9588019196e+01 1.0646270085e+02 9.0000000000e+01
1.5000000000e+02 2.9572598529e+01 1.0649150312e+02 8.7000000000e+01
1.5100000000e+02 2.9576311492e+01 1.0650265180e+02 8.7000000000e+01
1.5200000000e+02 2.9577527534e+01 1.0647470470e+02 2.0000000000e+01
1.5300000000e+02 2.9586785558e+01 1.0648767966e+02 7.1000000000e+01
1.5400000000e+02 2.9591944885e+01 1.0655936301e+02 5.4000000000e+01
1.5500000000e+02 2.9603559437e+01 1.0657025814e+02 5.2000000000e+01
1.5600000000e+02 2.9592257346e+01 1.0655219078e+02 5.9000000000e+01
1.5700000000e+02 2.9579125416e+01 1.0656980753e+02 7.1000000000e+01
1.5800000000e+02 2.9607677513e+01 1.0657698512e+02 5.9000000000e+01
1.5900000000e+02 2.9596184983e+01 1.0657194257e+02 6.9000000000e+01
1.6000000000e+02 2.9619103221e+01 1.0658693612e+02 7.0000000000e+01
1.6100000000e+02 2.9590559381e+01 1.0656983972e+02 7.1000000000e+01
1.6200000000e+02 2.9602220615e+01 1.0656482399e+02 8.5000000000e+01
1.6300000000e+02 2.9595648673e+01 1.0655386984e+02 5.3000000000e+01
1.6400000000e+02 2.9574884185e+01 1.0657673836e+02 4.3000000000e+01
1.6500000000e+02 2.9600980120e+01 1.0656912625e+02 5.0000000000e+01
1.6600000000e+02 2.9573434671e+01 1.0668523692e+02 6.6000000000e+01
1.6700000000e+02 2.9599531500e+01 1.0671077706e+02 6.2000000000e+01
1.6800000000e+02 2.9573857010e+01 1.0657590151e+02 4.7000000000e+01
1.6900000000e+02 2.9571463530e+01 1.0657716885e+02 3.7000000000e+01
1.7000000000e+02 2.9572022402e+01 1.0656824112e+02 1.5000000000e+01
1.7100000000e+02 2.9570819816e+01 1.0657293096e+02 1.0000000000e+01
1.7200000000e+02 2.9574589609e+01 1.0656867564e+02 1.1000000000e+01
1.7300000000e+02 2.9571173254e+01 1.0656911016e+02 1.0000000000e+01
1.7400000000e+02 2.9585439212e+01 1.0657177895e+02 8.9000000000e+01
1.7500000000e+02 2.9570128392e+01 1.0654459634e+02 5.7000000000e+01
1.7600000000e+02 2.9572229064e+01 1.0652235925e+02 4.6000000000e+01
1.7700000000e+02 2.9570949286e+01 1.0653031200e+02 4.7000000000e+01
1.7800000000e+02 2.9565182260e+01 1.0652228147e+02 2.9000000000e+01
1.7900000000e+02 2.9568437948e+01 1.0652935982e+02 4.8000000000e+01
1.8000000000e+02 2.9573067483e+01 1.0652633965e+02 4.5000000000e+01
1.8100000000e+02 2.9575257927e+01 1.0654477028e+02 7.1000000000e+01
1.8200000000e+02 2.9559033492e+01 1.0652751816e+02 6.0000000000e+01
1.8300000000e+02 2.9561687197e+01 1.0651325979e+02 7.5000000000e+01
1.8400000000e+02 2.9558131062e+01 1.0653097183e+02 6.0000000000e+01
1.8500000000e+02 2.9575950745e+01 1.0654171675e+02 6.3000000000e+01
1.8600000000e+02 2.9578369779e+01 1.0654256970e+02 5.4000000000e+01
1.8700000000e+02 2.9578290443e+01 1.0653359771e+02 4.5000000000e+01
1.8800000000e+02 2.9578538053e+01 1.0654693633e+02 2.9000000000e+01
1.8900000000e+02 2.9570291410e+01 1.0653486371e+02 3.5000000000e+01
1.9000000000e+02 2.9573569025e+01 1.0653133124e+02 2.6000000000e+01
1.9100000000e+02 2.9574908023e+01 1.0653823793e+02 6.5000000000e+01
1.9200000000e+02 2.9578332455e+01 1.0653697997e+02 6.7000000000e+01
1.9300000000e+02 2.9565109950e+01 1.0652825743e+02 7.1000000000e+01
1.9400000000e+02 2.9569485684e+01 1.0651113677e+02 8.5000000000e+01
1.9500000000e+02 2.9567648263e+01 1.0653358497e+02 6.4000000000e+01
1.9600000000e+02 2.9575044484e+01 1.0653495491e+02 5.1000000000e+01
1.9700000000e+02 2.9567410102e+01 1.0653989453e+02 6.4000000000e+01
1.9800000000e+02 2.9564095143e+01 1.0653483421e+02 9.8000000000e+01
1.9900000000e+02 2.9572957847e+01 1.0653561205e+02 2.0000000000e+01
2.0000000000e+02 2.9570993430e+01 1.0649171233e+02 6.3000000000e+01
2.0100000000e+02 2.9573133619e+01 1.0650343755e+02 5.4000000000e+01
2.0200000000e+02 2.9563748473e+01 1.0649020872e+02 4.5000000000e+01
2.0300000000e+02 2.9570377595e+01 1.0649170160e+02 7.1000000000e+01
2.0400000000e+02 2.9573133619e+01 1.0650343755e+02 8.5000000000e+01
2.0500000000e+02 2.9575173715e+01 1.0647459984e+02 5.3000000000e+01
2.0600000000e+02 2.9568379001e+01 1.0647880304e+02 4.5000000000e+01
2.0700000000e+02 2.9595162312e+01 1.0646637927e+02 5.9000000000e+01
2.0800000000e+02 2.9579726463e+01 1.0647463202e+02 7.8000000000e+01
2.0900000000e+02 2.9581910932e+01 1.0649032967e+02 6.0000000000e+01
2.1000000000e+02 2.9596174465e+01 1.0648260935e+02 6.3000000000e+01
2.1100000000e+02 2.9613198328e+01 1.0663282216e+02 5.4000000000e+01
2.1200000000e+02 2.9606036091e+01 1.0667468583e+02 7.0000000000e+01
2.1300000000e+02 2.9586159806e+01 1.0655714214e+02 4.5000000000e+01
2.1400000000e+02 2.9579298116e+01 1.0656050965e+02 7.1000000000e+01
2.1500000000e+02 2.9570551940e+01 1.0656081807e+02 6.5000000000e+01
2.1600000000e+02 2.9573282594e+01 1.0655041900e+02 6.5000000000e+01
2.1700000000e+02 2.9578609991e+01 1.0655210802e+02 7.1000000000e+01
2.1800000000e+02 2.9581178246e+01 1.0655411124e+02 6.1000000000e+01
2.1900000000e+02 2.9585320513e+01 1.0654941663e+02 3.9000000000e+01
2.2000000000e+02 2.9578500550e+01 1.0656451553e+02 7.0000000000e+01
2.2100000000e+02 2.9576448714e+01 1.0655799374e+02 7.0000000000e+01
2.2200000000e+02 2.9619607062e+01 1.0676655293e+02 8.9000000000e+01
2.2300000000e+02 2.9625752456e+01 1.0682790040e+02 5.1000000000e+01
2.2400000000e+02 2.9618332020e+01 1.0685624607e+02 4.2000000000e+01
2.2500000000e+02 2.9631856717e+01 1.0675145992e+02 5.8000000000e+01
