0.0000000000e+00 2.9560123870e+01 1.0658331002e+02 1.5000000000e+03 2.6250000000e-02
1.0000000000e+00 2.9574589609e+01 1.0660945136e+02 1.0000000000e+03 3.7500000000e-02
2.0000000000e+00 2.9585320513e+01 1.0654941663e+02 1.0000000000e+03 3.6250000000e-02
3.0000000000e+00 2.9597233410e+01 1.0669124148e+02 1.8000000000e+03 2.0000000000e-02
4.0000000000e+00 2.9598498672e+01 1.0651150435e+02 1.0000000000e+03 3.7500000000e-02
5.0000000000e+00 2.9606374230e+01 1.0665564111e+02 2.0000000000e+03 1.8750000000e-02
6.0000000000e+00 2.9607677513e+01 1.0657698512e+02 1.3000000000e+03 2.5000000000e-02
7.0000000000e+00 2.9617255640e+01 1.0674655988e+02 2.0000000000e+03 1.7500000000e-02
8.0000000000e+00 2.9622843070e+01 1.0656826258e+02 1.5000000000e+03 2.7500000000e-02
9.0000000000e+00 2.9628462267e+01 1.0647412777e+02 1.5000000000e+03 2.5000000000e-02
1.0000000000e+01 2.9630075988e+01 1.0655609608e+02 1.4000000000e+03 3.0000000000e-02
1.1000000000e+01 2.9631856717e+01 1.0675145992e+02 1.0000000000e+03 1.8750000000e-02
1.2000000000e+01 2.9633064887e+01 1.0653209567e+02 1.0000000000e+03 3.3750000000e-02
1.3000000000e+01 2.9643756190e+01 1.0655739427e+02 1.5000000000e+03 2.5000000000e-02
1.4000000000e+01 2.9645565518e+01 1.0651648790e+02 1.5000000000e+03 2.2500000000e-02
1.5000000000e+01 2.9656798247e+01 1.0655670762e+02 1.5000000000e+03 2.3750000000e-02
1.6000000000e+01 2.9673159440e+01 1.0661331585e+02 1.0000000000e+03 2.2500000000e-02
1.7000000000e+01 2.9672876120e+01 1.0655487713e+02 1.1000000000e+03 2.2500000000e-02
1.8000000000e+01 2.9661324870e+01 1.0660157764e+02 1.0000000000e+03 2.0000000000e-02
