0.0000000000e+00 2.9560758168e+01 1.0652891581e+02 6.0000000000e+02 6.2500000000e-03
1.0000000000e+00 2.9567344939e+01 1.0653442763e+02 6.0000000000e+02 5.0000000000e-03
2.0000000000e+00 2.9570879282e+01 1.0647784805e+02 4.0000000000e+02 6.5000000000e-03
3.0000000000e+00 2.9574303451e+01 1.0653626829e+02 6.0000000000e+02 6.0000000000e-03
4.0000000000e+00 2.9577405192e+01 1.0656766623e+02 6.0000000000e+02 5.2500000000e-03
5.0000000000e+00 2.9578291952e+01 1.0649023186e+02 5.0000000000e+02 5.7500000000e-03
6.0000000000e+00 2.9580948035e+01 1.0653306574e+02 5.0000000000e+02 5.2500000000e-03
7.0000000000e+00 2.9581532718e+01 1.0651639352e+02 6.0000000000e+02 6.2500000000e-03
8.0000000000e+00 2.9585847110e+01 1.0650503397e+02 5.0000000000e+02 6.2500000000e-03
9.0000000000e+00 2.9589568276e+01 1.0653990448e+02 6.0000000000e+02 5.0000000000e-03
1.0000000000e+01 2.9590243823e+01 1.0651313603e+02 6.0000000000e+02 7.2500000000e-03
1.1000000000e+01 2.9590727859e+01 1.0657118708e+02 6.0000000000e+02 5.0000000000e-03
1.2000000000e+01 2.9595114418e+01 1.0652818233e+02 6.0000000000e+02 6.2500000000e-03
1.3000000000e+01 2.9595625239e+01 1.0654731721e+02 4.0000000000e+02 6.0000000000e-03
1.4000000000e+01 2.9597287423e+01 1.0651117265e+02 6.0000000000e+02 4.7500000000e-03
1.5000000000e+01 2.9599319544e+01 1.0655550957e+02 7.0000000000e+02 6.0000000000e-03
1.6000000000e+01 2.9599824730e+01 1.0670248696e+02 6.0000000000e+02 3.5000000000e-03
1.7000000000e+01 2.9600789545e+01 1.0648547441e+02 6.0000000000e+02 6.7500000000e-03
1.8000000000e+01 2.9604484482e+01 1.0655225515e+02 5.0000000000e+02 5.7500000000e-03
1.9000000000e+01 2.9606744840e+01 1.0667110013e+02 7.0000000000e+02 3.5000000000e-03
2.0000000000e+01 2.9610113391e+01 1.0657805979e+02 6.0000000000e+02 6.2500000000e-03
2.1000000000e+01 2.9610393662e+01 1.0649728060e+02 5.0000000000e+02 7.2500000000e-03
2.2000000000e+01 2.9613474415e+01 1.0653215488e+02 5.0000000000e+02 5.5000000000e-03
2.3000000000e+01 2.9614984426e+01 1.0648996711e+02 5.0000000000e+02 4.7500000000e-03
2.4000000000e+01 2.9616714890e+01 1.0661846771e+02 5.0000000000e+02 3.5000000000e-03
2.5000000000e+01 2.9619281888e+01 1.0650886774e+02 6.0000000000e+02 6.2500000000e-03
2.6000000000e+01 2.9621230513e+01 1.0681689980e+02 5.0000000000e+02 4.5000000000e-03
2.7000000000e+01 2.9624229629e+01 1.0652562797e+02 7.0000000000e+02 4.7500000000e-03
2.8000000000e+01 2.9627059136e+01 1.0653683424e+02 7.0000000000e+02 4.5000000000e-03
2.9000000000e+01 2.9627099097e+01 1.0657058358e+02 6.0000000000e+02 5.2500000000e-03
3.0000000000e+01 2.9628547909e+01 1.0647510052e+02 5.0000000000e+02 3.5000000000e-03
3.1000000000e+01 2.9632415207e+01 1.0648452938e+02 5.0000000000e+02 5.0000000000e-03
3.2000000000e+01 2.9636471570e+01 1.0653505504e+02 5.0000000000e+02 4.2500000000e-03
3.3000000000e+01 2.9636892381e+01 1.0661313196e+02 5.0000000000e+02 5.2500000000e-03
3.4000000000e+01 2.9637394995e+01 1.0655424893e+02 6.0000000000e+02 3.5000000000e-03
3.5000000000e+01 2.9648579999e+01 1.0652162611e+02 6.0000000000e+02 3.5000000000e-03
3.6000000000e+01 2.9656118957e+01 1.0654909909e+02 6.0000000000e+02 3.7500000000e-03
3.7000000000e+01 2.9656617689e+01 1.0658155560e+02 7.0000000000e+02 5.2500000000e-03
3.8000000000e+01 2.9664058606e+01 1.0659401894e+02 6.0000000000e+02 4.7500000000e-03
3.9000000000e+01 2.9670173577e+01 1.0655003428e+02 5.0000000000e+02 4.0000000000e-03
4.0000000000e+01 2.9674776150e+01 1.0648103714e+02 5.0000000000e+02 4.7500000000e-03
4.1000000000e+01 2.9570315471e+01 1.0658315447e+02 5.0000000000e+02 5.0000000000e-03
4.2000000000e+01 2.9591470322e+01 1.0647169855e+02 5.0000000000e+02 5.0000000000e-03
4.3000000000e+01 2.9568469581e+01 1.0651167496e+02 7.0000000000e+02 7.5000000000e-03
4.4000000000e+01 2.9604284496e+01 1.0652779414e+02 6.0000000000e+02 5.0000000000e-03
4.5000000000e+01 2.9643816960e+01 1.0657961176e+02 6.0000000000e+02 5.0000000000e-03
